<?xml version="1.0"?>
<opencv_storage>
<calibration_Time>"Wed Feb 10 01:42:39 2016"</calibration_Time>
<nrOfFrames>25</nrOfFrames>
<image_Width>1280</image_Width>
<image_Height>720</image_Height>
<board_Width>9</board_Width>
<board_Height>6</board_Height>
<square_Size>50.</square_Size>
<FixAspectRatio>1.</FixAspectRatio>
<!-- flags:  +fix_aspectRatio +fix_principal_point +zero_tangent_dist -->
<flagValue>14</flagValue>
<Camera_Matrix type_id="opencv-matrix">
  <rows>3</rows>
  <cols>3</cols>
  <dt>d</dt>
  <data>
    1.0392365259000428e+03 0. 6.3950000000000000e+02 0.
    1.0392365259000428e+03 3.5950000000000000e+02 0. 0. 1.</data></Camera_Matrix>
<Distortion_Coefficients type_id="opencv-matrix">
  <rows>5</rows>
  <cols>1</cols>
  <dt>d</dt>
  <data>
    1.2437318067057541e-01 -4.3088709215626891e-01 0. 0.
    7.5387170950391524e-01</data></Distortion_Coefficients>
<Avg_Reprojection_Error>9.1993888581692307e-01</Avg_Reprojection_Error>
<Per_View_Reprojection_Errors type_id="opencv-matrix">
  <rows>25</rows>
  <cols>1</cols>
  <dt>f</dt>
  <data>
    5.70157468e-01 5.45981467e-01 4.89657581e-01 4.58765268e-01
    4.53372180e-01 4.71886367e-01 4.72863555e-01 5.39701343e-01
    5.71416020e-01 5.56475163e-01 8.20588470e-01 5.14920056e-01
    5.23431122e-01 3.43342948e+00 9.87664819e-01 6.66544855e-01
    6.90938473e-01 6.70398772e-01 6.81999028e-01 6.69840753e-01
    6.83726072e-01 6.60988569e-01 6.79794610e-01 6.64383709e-01
    6.59740686e-01</data></Per_View_Reprojection_Errors>
<!-- a set of 6-tuples (rotation vector + translation vector) for each view -->
<Extrinsic_Parameters type_id="opencv-matrix">
  <rows>25</rows>
  <cols>6</cols>
  <dt>d</dt>
  <data>
    -6.4893484572127680e-02 2.5302580926375867e-01
    3.0748919759669837e+00 3.5566840005140205e+02 1.2095581355130471e+02
    8.7045985444775965e+02 -6.9736645968835109e-02
    2.4708059004384555e-01 3.0850239956485654e+00 3.5841328561858319e+02
    1.1949330471468620e+02 8.8538028665045715e+02
    -6.9211522376673315e-02 2.4683802746074360e-01
    3.0930384736218857e+00 3.6739182840878055e+02 1.1930574423447358e+02
    8.8768083823391271e+02 -6.5786407591133009e-02
    2.3243167296949771e-01 3.0893818241185351e+00 3.6055392635348170e+02
    1.1994058467810748e+02 8.8426791616331263e+02
    -7.1658151233924994e-02 2.4538246308830863e-01
    3.0868659333663317e+00 3.5661838551677778e+02 1.2094270914350837e+02
    8.9154774909965022e+02 -7.5559286807567322e-02
    2.4524797934011039e-01 3.0869463337118845e+00 3.5541542504206819e+02
    1.2192716529020115e+02 8.9148875571789756e+02
    -7.5581026297017878e-02 2.4267416482195325e-01
    3.0864778080032260e+00 3.5446292634380387e+02 1.2163937246475983e+02
    8.9044838711837053e+02 -8.2414255193288363e-02
    2.4129973478187150e-01 3.0870834265108793e+00 3.5719564687971933e+02
    1.2097524934473941e+02 8.8781142369490897e+02
    -7.3631275583450173e-02 2.3369400422745815e-01
    3.1015302288331812e+00 3.7680883827631794e+02 1.1974286757869459e+02
    8.7489418270542672e+02 -5.4624024884634720e-02
    2.0670147676760156e-01 3.1159500262824649e+00 3.9523389675239434e+02
    1.1598683033245230e+02 8.6206885737978769e+02
    -8.0511017939444415e-02 1.9819707884991952e-01
    3.0856508043836159e+00 3.5514904232467080e+02 1.1855353773178346e+02
    8.8190271097655136e+02 -1.8640353799616499e-01
    2.6257212263983470e-01 3.0024020407138656e+00 2.5698547589573235e+02
    1.2509736406653103e+02 9.2920809668689458e+02
    -2.5015917633171869e-01 2.7442249933898777e-01
    2.9743691773662775e+00 2.1854662028603263e+02 1.2599950975901299e+02
    9.3524584106374834e+02 -7.4735735134402526e-01
    1.0171086431187588e+00 2.6918025965024173e+00 2.0666648760075356e+02
    1.6660454919076128e+02 9.9317552697429835e+02 8.6684178702937009e-01
    1.3917751713386917e+00 2.6317126169665328e+00 4.1404101953848175e+02
    9.1696680221612468e+01 7.7185656800927620e+02 9.2105658549644442e-01
    1.3443175934860572e+00 2.5892644610716253e+00 3.6414237256535080e+02
    9.0917896172785461e+01 7.4796057347314866e+02 9.1903784489002915e-01
    1.3456291403213738e+00 2.5881659318074628e+00 3.6366941883402967e+02
    9.0758419593765936e+01 7.4816151516657419e+02 9.1936099107748670e-01
    1.3434804252870298e+00 2.5894150075839155e+00 3.6186010188128751e+02
    9.1170741020527274e+01 7.4737398151182322e+02 9.1537926825669780e-01
    1.3476613713405008e+00 2.5889384387276175e+00 3.6396207669631781e+02
    9.1413074513705567e+01 7.4998250060781470e+02 9.1538323079909534e-01
    1.3418862499924971e+00 2.5907219271840027e+00 3.6146068961190076e+02
    9.2411910764808525e+01 7.4735082063756067e+02 9.1626937634345496e-01
    1.3470958457302102e+00 2.5907245222792605e+00 3.5812378754415079e+02
    9.2819313285644810e+01 7.4711668854887512e+02 9.1326916958178683e-01
    1.3451238676304422e+00 2.5929710532452432e+00 3.5925118763472022e+02
    9.2415017525246654e+01 7.4613457429438643e+02 9.1320529284305829e-01
    1.3449386656565003e+00 2.5930843420783902e+00 3.5805155640600151e+02
    9.2622731423061595e+01 7.4578405038692495e+02 9.1118909002821968e-01
    1.3475795473827172e+00 2.5924364591704743e+00 3.5832307998664817e+02
    9.3091202217279928e+01 7.4760137707064200e+02 9.0989742992101841e-01
    1.3475130071196348e+00 2.5923240215716534e+00 3.5822188797873952e+02
    9.3674326831195444e+01 7.4777705725617750e+02</data></Extrinsic_Parameters>
